-8 -7
-8 -5
-8 -3
-8 -1
-8 1
-8 3
-8 5
-8 7
-7 -7
-7 -5
-7 -3
-7 -1
-7 1
-7 3
-7 5
-7 7
-6 -7
-6 -5
-6 -3
-6 -1
-6 1
-6 3
-6 5
-6 7
-5 -7
-5 -5
-5 -3
-5 -1
-5 1
-5 3
-5 5
-5 7
-4 -7
-4 -5
-4 -3
-4 -1
-4 1
-4 3
-4 5
-4 7
-3 -7
-3 -5
-3 -3
-3 -1
-3 1
-3 3
-3 5
-3 7
-2 -7
-2 -5
-2 -3
-2 -1
-2 1
-2 3
-2 5
-2 7
-1 -7
-1 -5
-1 -3
-1 -1
-1 1
-1 3
-1 5
-1 7
0 -7
0 -5
0 -3
0 -1
0 1
0 3
0 5
0 7
1 -7
1 -5
1 -3
1 -1
1 1
1 3
1 5
1 7
2 -7
2 -5
2 -3
2 -1
2 1
2 3
2 5
2 7
3 -7
3 -5
3 -3
3 -1
3 1
3 3
3 5
3 7
4 -7
4 -5
4 -3
4 -1
4 1
4 3
4 5
4 7
5 -7
5 -5
5 -3
5 -1
5 1
5 3
5 5
5 7
6 -7
6 -5
6 -3
6 -1
6 1
6 3
6 5
6 7
7 -7
7 -5
7 -3
7 -1
7 1
7 3
7 5
7 7
